0
3
5
6
13
17
23
25
28
29
30
39
41
42
43
44
47
52
55
57
59
61
68
76
82
86
87
89
93
99
102
104
108
112
115
120
121
122
124
125
131
132
135
142
143
150
153
167
168
169
174
178
179
180
181
182
184
190
191
192
200
201
202
204
208
209
212
225
233
234
235
246
247
249
260
267
269
270
275
277
281
282
285
286
295
297
302
305
318
319
320
330
333
342
343
346
356
359
364
366
377
378
380
402
411
412
415
417
428
442
449
451
453
454
459
473
475
494
496
519
520
523
533
537
549
553
554
559
568
587
596
598
608
613
616
621
633
638
647
652
655
656
660
664
665
667
676
679
681
684
705
711
719
734
737
738
745
748
749
754
756
758
761
762
770
773
779
798
802
804
810
814
822
836
838
839
844
852
870
872
874
881
895
899
912
915
926
939
951
954
970
971
978
979
980
985
994
1002
1004
1005
1038
1052
1055
1069
1073
1085
1088
1089
1090
1094
1098
1109
1113
1125
1134
1137
1142
1159
1164
1174
1175
1184
1206
1208
1215
1230
1232
1233
1235
1238
1245
1248
1252
1255
1257
1258
1260
1267
1272
1280
1287
1288
1295
1305
1309
1324
1329
1331
1334
1339
1340
1355
1375
1377
1378
1381
1386
1393
1403
1413
1424
1481
1484
1486
1488
1502
1507
1509
1514
1522
1525
1528
1530
1533
1539
1560
1564
1567
1572
1579
1580
1586
1600
1602
1605
1608
1615
1617
1621
1622
1624
1636
1637
1640
1642
1644
1656
1675
1679
1681
1689
1691
1696
1712
1717
1732
1764
1765
1769
1774
1781
1785
1788
1794
1801
1807
1828
1831
1835
1836
1847
1851
1858
1866
1869
1875
1877
1901
1906
1907
1908
1911
1913
1927
1930
1931
1937
1948
1960
1964
1971
1976
1977
1982
1991
2006
2058
2067
2091
2097
2098
2104
2105
2106
2112
2131
2136
2142
2154
2155
2162
2164
2171
2174
2178
2185
2187
2196
2210
2219
2224
2238
2239
2242
2275
2276
2279
2280
2288
2293
2303
2309
2311
2318
2330
2334
2337
2353
2359
2363
2377
2380
2383
2384
2396
2401
2403
2405
2409
2417
2420
2422
2424
2425
2427
2429
2449
2457
2463
2479
2486
2490
2499
2506
2507
2512
2520
2527
2538
2543
2550
2558
2568
2570
2572
2577
2580
2589
2601
2602
2603
2605
2608
2615
2639
2640
2647
2659
2664
2668
2685
2687
2695
2706
2716
2730
2739
2743
2744
2750
2754
2755
2760
2762
2799
2804
2806
2807
2812
2818
2826
2831
2839
2848
2851
2871
2882
2892
2896
2900
2907
2911
2914
2915
2919
2929
2931
2932
2937
2938
2950
2957
2978
2989
2997
2999
3000
3002
3003
3016
3026
3030
3033
3034
3035
3040
3043
3045
3046
3047
3068
3072
3074
3088
3089
3091
3095
3104
3107
3109
3122
3125
3132
3142
3157
3159
3165
3167
3170
3188
3190
3193
3206
3212
3216
3225
3228
3237
3241
3246
3251
3255
3267
3278
3279
3293
3297
3300
3311
3325
3336
3341
3355
3360
3376
3380
3383
3394
3402
3405
3422
3427
3443
3444
3462
3464
3468
3492
3499
3516
3518
3520
3526
3530
3534
3545
3573
3575
3577
3591
3598
3608
3626
3633
3640
3650
3654
3656
3659
3692
3733
3734
3748
3750
3760
3763
3764
3770
3777
3787
3797
3807
3808
3811
3813
3818
3832
3838
3840
3844
3851
3874
3892
3898
3900
3902
3919
3925
3929
3935
3942
3955
3966
3986
4006
4009
4010
4018
4026
4028
4030
4042
4046
4049
4057
4062
4066
4070
4075
4098
4101
4102
4107
4119
4122
4138
4149
4165
4174
4192
4194
4197
4227
4228
4233
4236
4245
4250
4260
4264
4272
4273
4275
4278
4307
4309
4312
4314
4316
4330
4332
4337
4352
4358
4363
4373
4378
4395
4396
4413
4416
4423
4427
4430
4438
4448
4454
4462
4464
4466
4469
4470
4474
4493
4501
4525
4528
4530
4537
4538
4554
4555
4562
4579
4587
4588
4605
4609
4623
4625
4643
4645
4656
4658
4661
4662
4668
4678
4680
4689
4696
4702
4707
4710
4739
4756
4764
4784
4786
4793
4806
4819
4820
4832
4864
4866
4871
4891
4906
4934
4935
4938
4941
4942
4943
4949
4953
4954
4962
4972
4981
4997
4998
5008
5009
5011
5015
5022
5025
5027
5030
5039
5046
5050
5057
5064
5071
5074
5078
5080
5081
5082
5106
5111
5112
5115
5120
5139
5143
5157
5168
5173
5180
5193
5198
5199
5214
5218
5224
5227
5234
5248
5253
5265
5275
5280
5281
5289
5294
5296
5305
5307
5317
5322
5326
5341
5344
5353
5360
5367
5370
5372
5384
5387
5401
5408
5424
5431
5433
5442
5455
5462
5480
5483
5499
5511
5512
5526
5544
5562
5569
5570
5572
5581
5592
5593
5600
5607
5614
5617
5621
5630
5631
5637
5645
5665
5685
5694
5695
5697
5703
5722
5726
5728
5731
5734
5737
5740
5779
5784
5786
5791
5792
5793
5798
5801
5802
5805
5810
5813
5823
5825
5837
5843
5846
5854
5859
5888
5893
5898
5908
5914
5915
5936
5939
5944
5950
5958
5970
5972
5973
5978
5985
5987
6005
6010
6011
6015
6021
6037
6049
6058
6093
6112
6125
6128
6133
6147
6182
6211
6214
6223
6224
6225
6227
6230
6239
6249
6276
6278
6283
6284
6286
6287
6311
6312
6314
6318
6319
6329
6330
6341
6347
6357
6358
6376
6390
6396
6405
6411
6429
6437
6440
6445
6447
6451
6471
6472
6496
6504
6512
6521
6527
6531
6543
6569
6586
6594
6604
6609
6630
6640
6642
6643
6647
6663
6676
6685
6691
6695
6712
6719
6720
6733
6741
6751
6756
6762
6763
6766
6782
6790
6800
6803
6808
6815
6820
6829
6841
6845
6854
6858
6861
6868
6877
6879
6887
6903
6906
6933
6941
6947
6949
6960
6993
7006
7013
7014
7018
7040
7043
7056
7058
7064
7092
7095
7107
7109
7111
7121
7123
7126
7142
7152
7179
7181
7198
7215
7221
7222
7225
7229
7230
7231
7253
7259
7270
7272
7295
7306
7314
7316
7321
7350
7364
7366
7385
7405
7417
7423
7453
7457
7459
7474
7485
7494
7497
7498
7500
7503
7511
7514
7515
7518
7528
7532
7543
7546
7552
7555
7558
7568
7569
7575
7579
7581
7585
7594
7625
7650
7655
7677
7685
7693
7708
7711
7714
7715
7716
7725
7730
7733
7745
7751
7756
7763
7765
7775
7776
7792
7793
7807
7809
7830
7832
7834
7835
7848
7868
7871
7874
7879
7880
7886
7908
7922
7931
7938
7969
7978
7982
7988
7989
7991
7992
7993
7996
7998
8002
8036
8038
8050
8073
8078
8080
8081
8082
8096
8099
8103
8113
8119
8150
8152
8159
8165
8167
8169
8171
8173
8174
8183
8188
8192
8211
8234
8237
8241
8244
8246
8257
8268
8275
8276
8285
8288
8293
8297
8306
8313
8321
8325
8326
8327
8335
8349
8359
8373
8375
8381
8382
8383
8390
8394
8400
8429
8433
8461
8479
8481
8505
8543
8553
8554
8559
8560
8576
8577
8583
8587
8588
8592
8603
8610
8619
8639
8647
8661
8670
8680
8683
8693
8701
8705
8711
8715
8718
8732
8763
8770
8777
8785
8788
8790
8795
8798
8799
8818
8822
8826
8828
8830
8837
8847
8849
8856
8859
8862
8863
8864
8874
8878
8895
8910
8917
8918
8920
8923
8962
8963
8965
8970
8984
8986
8994
8999
9001
9002
9003
9009
9036
9039
9054
9062
9064
9066
9082
9100
9103
9106
9108
9109
9115
9121
9123
9124
9163
9178
9189
9195
9197
9203
9205
9214
9223
9234
9241
9271
9286
9288
9304
9317
9353
9363
9365
9369
9384
9395
9402
9407
9409
9411
9415
9416
9417
9421
9436
9437
9439
9448
9451
9472
9482
9486
9488
9492
9501
9506
9527
9529
9537
9550
9557
9571
9583
9589
9591
9596
9597
9602
9606
9607
9617
9626
9636
9648
9650
9654
9657
9661
9680
9705
9717
9721
9725
9730
9737
9740
9756
9763
9764
9771
9783
9785
9794
9810
9814
9822
9826
9839
9844
9846
9886
9887
9895
9911
9924
9948
9955
9963
9964
9967
9969
9973
9978
9980
9992
10000
10003
10010
10015
10024
10031
10034
10035
10089
10091
10094
10098
10099
10106
10118
10120
10125
10130
10131
10143
10148
10152
10155
10165
10178
10193
10200
10201
10207
10217
10225
10241
10245
10247
10250
10251
10259
10267
10273
10284
10287
10291
10293
10327
10336
10344
10350
10357
10361
10372
10377
10385
10394
10407
10413
10414
10417
10429
10440
10457
10458
10470
10472
10480
10497
10499
10506
10508
10512
10527
10533
10540
10554
10555
10557
10576
10581
10584
10592
10601
10609
10610
10613
10634
10644
10647
10648
10649
10679
10686
10687
10706
10709
10710
10713
10720
10724
10746
10764
10781
10797
10801
10804
10847
10860
10865
10870
10878
10879
10890
10895
10899
10902
10906
10912
10918
10925
10927
10929
10931
10937
10966
10969
10978
10985
10986
11003
11008
11023
11041
11042
11047
11059
11087
11099
11113
11118
11128
11139
11153
11165
11174
11183
11188
11196
11201
11204
11208
11212
11233
11244
11248
11255
11270
11271
11272
11275
11276
11282
11283
11287
11300
11313
11330
11331
11345
11351
11358
11375
11387
11392
11405
11417
11420
11428
11431
11440
11441
11448
11451
11466
11468
11475
11479
11484
11505
11506
11542
11545
11552
11562
11574
11575
11584
11593
11597
11598
11601
11622
11635
11645
11665
11685
11687
11697
11706
11715
11760
11768
11771
11774
11775
11782
11783
11793
11795
11808
11812
11814
11823
11831
11835
11841
11844
11845
11865
11873
11884
11887
11890
11893
11904
11912
11919
11920
11926
11947
11954
11961
11965
11973
11981
11995
12002
12003
12006
12008
12010
12018
12036
12050
12057
12073
12079
12103
12109
12114
12128
12140
12161
12166
12168
12178
12179
12181
12186
12199
12200
12204
12206
12213
12224
12240
12246
12247
12261
12264
12287
12292
12301
12310
12315
12331
12332
12360
12371
12382
12390
12393
12394
12399
12402
12403
12406
12411
12415
12431
12432
12439
12443
12451
12452
12454
12462
12466
12469
12470
12474
12478
12480
12489
12490
12491
12492
12500
12505
12507
12508
12523
12534
12546
12563
12573
12574
12576
12581
12587
12625
12628
12636
12650
12651
12653
12655
12659
12662
12666
12681
12683
12693
12709
12743
12745
12749
12765
12766
12776
12780
12781
12793
12796
12809
12812
12819
12823
12832
12843
12846
12854
12876
12887
12901
12903
12906
12907
12951
12952
12956
13002
13042
13073
13086
13087
13088
13091
13093
13094
13102
13107
13108
13111
13122
13123
13125
13126
13127
13129
13130
13132
13144
13156
13158
13159
13162
13179
13181
13196
13207
13211
13219
13241
13247
13251
13255
13258
13264
13272
13281
13286
13292
13305
13310
13317
13323
13326
13334
13342
13347
13351
13352
13375
13378
13379
13388
13409
13411
13415
13421
13422
13431
13433
13449
13451
13452
13458
13466
13478
13479
13480
13502
13506
13509
13511
13543
13546
13553
13556
13564
13570
13571
13572
13574
13598
13604
13610
13616
13680
13684
13692
13710
13712
13718
13722
13729
13731
13737
13741
13742
13744
13745
13749
13753
13758
13761
13763
13764
13768
13795
13803
13808
13819
13822
13834
13841
13860
13866
13876
13890
13891
13896
13904
13916
13917
13927
13936
13939
13953
13969
13970
13972
13987
13989
13990
13994
13998
14014
14019
14027
14028
14038
14047
14075
14078
14112
14154
14158
14162
14165
14209
14217
14219
14236
14264
14270
14295
14299
14306
14311
14315
14337
14340
14364
14368
14382
14383
14404
14418
14425
14430
14437
14440
14445
14447
14461
14465
14476
14486
14489
14494
14497
14504
14512
14515
14516
14519
14522
14523
14551
14555
14575
14578
14598
14604
14606
14609
14613
14614
14617
14618
14622
14633
14640
14645
14654
14658
14661
14669
14670
14673
14692
14693
14710
14716
14729
14734
14735
14740
14744
14755
14760
14765
14776
14787
14790
14801
14808
14813
14834
14837
14848
14849
14854
14867
14868
14872
14897
14902
14915
14922
14925
14972
14977
14981
14982
14992
14994
14996
14997
14998
15000
15011
15013
15018
15039
15049
15053
15068
15079
15097
15098
15104
15110
15113
15127
15134
15137
15138
15142
15162
15174
15185
15204
15211
15227
15228
15236
15243
15265
15278
15280
15288
15299
15309
15310
15315
15327
15343
15349
15377
15386
15405
15408
15411
15419
15423
15432
15452
15453
15456
15464
15472
15478
15483
15507
15510
15511
15523
15527
15529
15532
15534
15567
15570
15571
15579
15581
15600
15619
15621
15633
15652
15677
15683
15685
15686
15687
15705
15714
15720
15727
15729
15734
15738
15747
15757
15759
15764
15766
15771
15776
15778
15780
15790
15800
15801
15807
15819
15831
15848
15854
15855
15860
15876
15889
15896
15897
15934
15935
15953
15966
16019
16031
16033
16051
16067
16069
16070
16072
16090
16099
16115
16116
16124
16125
16133
16148
16151
16156
16158
16161
16166
16168
16171
16197
16203
16213
16218
16220
16222
16223
16225
16226
16228
16240
16244
16255
16257
16271
16281
16282
16289
16293
16301
16321
16331
16342
16352
16365
16375
16378
16382
16386
16392
16394
16397
16399
16408
16415
16429
16450
16459
16463
16474
16492
16495
16501
16504
16511
16516
16523
16531
16532
16546
16576
16581
16586
16587
16601
16602
16620
16624
16630
16641
16642
16644
16647
16652
16686
16687
16691
16694
16709
16723
16732
16735
16740
16743
16753
16760
16762
16775
16791
16805
16808
16815
16838
16839
16845
16863
16870
16871
16873
16876
16877
16879
16900
16924
16950
16954
16958
16971
16975
16978
16986
16988
16996
17000
17001
17012
17013
17016
17022
17025
17034
17041
17059
17086
17128
17134
17153
17158
17161
17169
17175
17210
17220
17249
17259
17260
17265
17268
17273
17276
17278
17303
17310
17325
17326
17328
17329
17358
17368
17381
17385
17387
17396
17399
17420
17432
17434
17443
17451
17456
17459
17462
17463
17467
17468
17472
17482
17486
17489
17498
17504
17510
17519
17520
17523
17530
17534
17538
17543
17584
17621
17655
17695
17697
17699
17705
17710
17712
17735
17736
17745
17767
17772
17809
17828
17832
17857
17861
17869
17870
17881
17884
17885
17894
17895
17904
17922
17926
17927
17941
17948
17977
17981
18009
18027
18046
18050
18057
18060
18065
18070
18071
18072
18081
18092
18101
18109
18113
18117
18123
18124
18143
18153
18157
18181
18192
18198
18208
18226
18241
18295
18297
18313
18314
18322
18323
18328
18331
18334
18335
18351
18352
18365
18385
18403
18404
18417
18430
18432
18437
18438
18444
18446
18455
18458
18469
18478
18507
18508
18509
18510
18547
18555
18583
18590
18598
18614
18628
18638
18665
18692
18700
18703
18712
18720
18723
18730
18741
18771
18772
18823
18833
18836
18845
18849
18850
18851
18852
18879
18883
18888
18901
18902
18926
18939
18942
18950
18971
18976
18985
18993
19004
19007
19015
19022
19029
19036
19057
19091
19095
19100
19114
19117
19119
19124
19127
19134
19163
19169
19175
19182
19185
19188
19197
19198
19206
19209
19216
19217
19220
19222
19235
19239
19260
19284
19286
19309
19311
19315
19317
19318
19322
19325
19329
19331
19348
19349
19355
19374
19378
19387
19390
19395
19398
19399
19433
19440
19441
19446
19448
19468
19471
19473
19476
19479
19481
19489
19493
19498
19502
19503
19505
19520
19552
19555
19557
19562
19564
19573
19576
19585
19598
19607
19612
19622
19639
19660
19670
19674
19682
19683
19684
19689
19716
19732
19734
19741
19743
19757
19759
19760
19781
19793
19794
19798
19804
19806
19810
